#1
double germanyPopulation(94,2)
  4.417632e8  6.718e7
  4.732992e8  6.7849e7
  5.048352e8  6.758e7
  5.364576e8  6.7155e7
  5.679936e8  6.4565e7
  5.995296e8  6.03247e7
  6.310656e8  6.2126e7
  6.62688e8  6.06258e7
  6.94224e8  6.11854e7
  7.2576e8  6.15773e7
  7.57296e8  6.19524e7
  7.889184e8  6.3363e7
  8.204544e8  6.28659e7
  8.519904e8  6.32523e7
  8.835264e8  6.439e7
  9.151488e8  6.474e7
  9.466848e8  6.53e7
  9.782208e8  6.542e7
  1.0097568e9  6.572e7
  1.0413792e9  6.60316e7
  1.0729152e9  6.641e7
  1.1044512e9  6.687e7
  1.1359872e9  6.735e7
  1.1676096e9  6.783e7
  1.1991456e9  6.8072e7
  1.2306816e9  6.96225e7
  1.29384e9  7.19167e7
  1.5146784e9  6.7365e7
  1.5463008e9  6.808e7
  1.5778368e9  6.9966243e7
  1.6093728e9  7.0299358e7
  1.6409088e9  7.0619499e7
  1.6725312e9  7.0929259e7
  1.7040672e9  7.1233131e7
  1.7356032e9  7.1537537e7
  1.7671392e9  7.185098e7
  1.7987616e9  7.2183916e7
  1.8302976e9  7.2548042e7
  1.8618336e9  7.2955244e7
  1.8933696e9  7.3414427e7
  1.924992e9  7.3928048e7
  1.956528e9  7.4489142e7
  1.988064e9  7.5080047e7
  2.0196e9  7.5676011e7
  2.0512224e9  7.6255926e7
  2.0827584e9  7.6816337e7
  2.1142944e9  7.7352662e7
  2.1458304e9  7.7841435e7
  2.1774528e9  7.8254626e7
  2.2089888e9  7.8572984e7
  2.2405248e9  7.8786608e7
  2.2720608e9  7.8901707e7
  2.3036832e9  7.8936165e7
  2.3352192e9  7.891722e7
  2.3667552e9  7.8866498e7
  2.3982912e9  7.8794496e7
  2.4299136e9  7.8701801e7
  2.4614496e9  7.8589311e7
  2.4929856e9  7.8454848e7
  2.5245216e9  7.830065e7
  2.556144e9  7.8126104e7
  2.58768e9  7.7944848e7
  2.619216e9  7.779008e7
  2.650752e9  7.7704336e7
  2.6823744e9  7.7717431e7
  2.7139104e9  7.78375e7
  2.7454464e9  7.8054086e7
  2.7769824e9  7.8354017e7
  2.8086048e9  7.871561e7
  2.8401408e9  7.9118326e7
  2.8716768e9  7.9564454e7
  2.9032128e9  8.0046157e7
  2.9348352e9  8.0520088e7
  2.9663712e9  8.0931041e7
  2.9979072e9  8.1240604e7
  3.0294432e9  8.1426337e7
  3.0610656e9  8.1499866e7
  3.0926016e9  8.1499232e7
  3.1241376e9  8.1481612e7
  3.1556736e9  8.1487757e7
  3.187296e9  8.1535848e7
  3.218832e9  8.1611868e7
  3.250368e9  8.1686495e7
  3.281904e9  8.1715659e7
  3.3135264e9  8.1671234e7
  3.3450624e9  8.1540353e7
  3.3765984e9  8.1344457e7
  3.4081344e9  8.1130944e7
  3.4397568e9  8.0965612e7
  3.4712928e9  8.0894785e7
  3.5028288e9  8.093398e7
  3.5343648e9  8.1066228e7
  3.5659872e9  8.1265139e7
  3.5975232e9  8.148966e7
