#1
double var1(161,4)
  0.  0.  0.  0.
  0.0625  0.00390625  0.000244140625  0.0000152587890625
  0.125  0.015625  0.001953125  0.000244140625
  0.1875  0.03515625  0.006591796875  0.0012359619140625
  0.25  0.0625  0.015625  0.00390625
  0.3125  0.09765625  0.030517578125  0.0095367431640625
  0.375  0.140625  0.052734375  0.019775390625
  0.4375  0.19140625  0.083740234375  0.0366363525390625
  0.5  0.25  0.125  0.0625
  0.5625  0.31640625  0.177978515625  0.1001129150390625
  0.625  0.390625  0.244140625  0.152587890625
  0.6875  0.47265625  0.324951171875  0.2234039306640625
  0.75  0.5625  0.421875  0.31640625
  0.8125  0.66015625  0.536376953125  0.4358062744140625
  0.875  0.765625  0.669921875  0.586181640625
  0.9375  0.87890625  0.823974609375  0.7724761962890625
  1.  1.  1.  1.
  1.0625  1.12890625  1.199462890625  1.2744293212890625
  1.125  1.265625  1.423828125  1.601806640625
  1.1875  1.41015625  1.674560546875  1.9885406494140625
  1.25  1.5625  1.953125  2.44140625
  1.3125  1.72265625  2.260986328125  2.9675445556640625
  1.375  1.890625  2.599609375  3.574462890625
  1.4375  2.06640625  2.970458984375  4.2700347900390625
  1.5  2.25  3.375  5.0625
  1.5625  2.44140625  3.814697265625  5.9604644775390625
  1.625  2.640625  4.291015625  6.972900390625
  1.6875  2.84765625  4.805419921875  8.109146118164062
  1.75  3.0625  5.359375  9.37890625
  1.8125  3.28515625  5.954345703125  10.792251586914062
  1.875  3.515625  6.591796875  12.359619140625
  1.9375  3.75390625  7.273193359375  14.091812133789062
  2.  4.  8.  16.
  2.0625  4.25390625  8.773681640625  18.095718383789062
  2.125  4.515625  9.595703125  20.390869140625
  2.1875  4.78515625  10.467529296875  22.897720336914062
  2.25  5.0625  11.390625  25.62890625
  2.3125  5.34765625  12.366455078125  28.597427368164062
  2.375  5.640625  13.396484375  31.816650390625
  2.4375  5.94140625  14.482177734375  35.30030822753906
  2.5  6.25  15.625  39.0625
  2.5625  6.56640625  16.826416015625  43.11769104003906
  2.625  6.890625  18.087890625  47.480712890625
  2.6875  7.22265625  19.410888671875  52.16676330566406
  2.75  7.5625  20.796875  57.19140625
  2.8125  7.91015625  22.247314453125  62.57057189941406
  2.875  8.265625  23.763671875  68.320556640625
  2.9375  8.62890625  25.347412109375  74.45802307128906
  3.  9.  27.  81.
  3.0625  9.37890625  28.722900390625  87.96388244628906
  3.125  9.765625  30.517578125  95.367431640625
  3.1875  10.16015625  32.385498046875  103.22877502441406
  3.25  10.5625  34.328125  111.56640625
  3.3125  10.97265625  36.346923828125  120.39918518066406
  3.375  11.390625  38.443359375  129.746337890625
  3.4375  11.81640625  40.618896484375  139.62745666503906
  3.5  12.25  42.875  150.0625
  3.5625  12.69140625  45.213134765625  161.07179260253906
  3.625  13.140625  47.634765625  172.676025390625
  3.6875  13.59765625  50.141357421875  184.89625549316406
  3.75  14.0625  52.734375  197.75390625
  3.8125  14.53515625  55.415283203125  211.27076721191406
  3.875  15.015625  58.185546875  225.468994140625
  3.9375  15.50390625  61.046630859375  240.37110900878906
  4.  16.  64.  256.
  4.0625  16.50390625  67.047119140625  272.37892150878906
  4.125  17.015625  70.189453125  289.531494140625
  4.1875  17.53515625  73.428466796875  307.48170471191406
  4.25  18.0625  76.765625  326.25390625
  4.3125  18.59765625  80.202392578125  345.87281799316406
  4.375  19.140625  83.740234375  366.363525390625
  4.4375  19.69140625  87.380615234375  387.75148010253906
  4.5  20.25  91.125  410.0625
  4.5625  20.81640625  94.974853515625  433.32276916503906
  4.625  21.390625  98.931640625  457.558837890625
  4.6875  21.97265625  102.996826171875  482.79762268066406
  4.75  22.5625  107.171875  509.06640625
  4.8125  23.16015625  111.458251953125  536.3928375244141
  4.875  23.765625  115.857421875  564.804931640625
  4.9375  24.37890625  120.370849609375  594.3310699462891
  5.  25.  125.  625.
  5.0625  25.62890625  129.746337890625  656.8408355712891
  5.125  26.265625  134.611328125  689.883056640625
  5.1875  26.91015625  139.596435546875  724.1565093994141
  5.25  27.5625  144.703125  759.69140625
  5.3125  28.22265625  149.932861328125  796.5183258056641
  5.375  28.890625  155.287109375  834.668212890625
  5.4375  29.56640625  160.767333984375  874.1723785400391
  5.5  30.25  166.375  915.0625
  5.5625  30.94140625  172.111572265625  957.3706207275391
  5.625  31.640625  177.978515625  1001.129150390625
  5.6875  32.34765625  183.977294921875  1046.370864868164
  5.75  33.0625  190.109375  1093.12890625
  5.8125  33.78515625  196.376220703125  1141.436782836914
  5.875  34.515625  202.779296875  1191.328369140625
  5.9375  35.25390625  209.320068359375  1242.837905883789
  6.  36.  216.  1296.
  6.0625  36.75390625  222.820556640625  1350.849624633789
  6.125  37.515625  229.783203125  1407.422119140625
  6.1875  38.28515625  236.889404296875  1465.753189086914
  6.25  39.0625  244.140625  1525.87890625
  6.3125  39.84765625  251.538330078125  1587.835708618164
  6.375  40.640625  259.083984375  1651.660400390625
  6.4375  41.44140625  266.779052734375  1717.390151977539
  6.5  42.25  274.625  1785.0625
  6.5625  43.06640625  282.623291015625  1854.715347290039
  6.625  43.890625  290.775390625  1926.386962890625
  6.6875  44.72265625  299.082763671875  2000.115982055664
  6.75  45.5625  307.546875  2075.94140625
  6.8125  46.41015625  316.169189453125  2153.902603149414
  6.875  47.265625  324.951171875  2234.039306640625
  6.9375  48.12890625  333.894287109375  2316.391616821289
  7.  49.  343.  2401.
  7.0625  49.87890625  352.269775390625  2487.905288696289
  7.125  50.765625  361.705078125  2577.148681640625
  7.1875  51.66015625  371.307373046875  2668.771743774414
  7.25  52.5625  381.078125  2762.81640625
  7.3125  53.47265625  391.018798828125  2859.324966430664
  7.375  54.390625  401.130859375  2958.340087890625
  7.4375  55.31640625  411.415771484375  3059.904800415039
  7.5  56.25  421.875  3164.0625
  7.5625  57.19140625  432.510009765625  3270.856948852539
  7.625  58.140625  443.322265625  3380.332275390625
  7.6875  59.09765625  454.313232421875  3492.532974243164
  7.75  60.0625  465.484375  3607.50390625
  7.8125  61.03515625  476.837158203125  3725.290298461914
  7.875  62.015625  488.373046875  3845.937744140625
  7.9375  63.00390625  500.093505859375  3969.492202758789
  8.  64.  512.  4096.
  8.0625  65.00390625  524.093994140625  4225.507827758789
  8.125  66.015625  536.376953125  4358.062744140625
  8.1875  67.03515625  548.850341796875  4493.712173461914
  8.25  68.0625  561.515625  4632.50390625
  8.3125  69.09765625  574.374267578125  4774.486099243164
  8.375  70.140625  587.427734375  4919.707275390625
  8.4375  71.19140625  600.677490234375  5068.216323852539
  8.5  72.25  614.125  5220.0625
  8.5625  73.31640625  627.771728515625  5375.295425415039
  8.625  74.390625  641.619140625  5533.965087890625
  8.6875  75.47265625  655.668701171875  5696.121841430664
  8.75  76.5625  669.921875  5861.81640625
  8.8125  77.66015625  684.380126953125  6031.099868774414
  8.875  78.765625  699.044921875  6204.023681640625
  8.9375  79.87890625  713.917724609375  6380.639663696289
  9.  81.  729.  6561.
  9.0625  82.12890625  744.293212890625  6745.157241821289
  9.125  83.265625  759.798828125  6933.164306640625
  9.1875  84.41015625  775.518310546875  7125.074478149414
  9.25  85.5625  791.453125  7320.94140625
  9.3125  86.72265625  807.604736328125  7520.819107055664
  9.375  87.890625  823.974609375  7724.761962890625
  9.4375  89.06640625  840.564208984375  7932.824722290039
  9.5  90.25  857.375  8145.0625
  9.5625  91.44140625  874.408447265625  8361.530776977539
  9.625  92.640625  891.666015625  8582.285400390625
  9.6875  93.84765625  909.149169921875  8807.382583618164
  9.75  95.0625  926.859375  9036.87890625
  9.8125  96.28515625  944.798095703125  9270.831314086914
  9.875  97.515625  962.966796875  9509.297119140625
  9.9375  98.75390625  981.366943359375  9752.333999633789
  10.  100.  1000.  10000.
