#1
double var1(161,2)
  0.  0.
  0.0625  0.00390625
  0.125  0.015625
  0.1875  0.03515625
  0.25  0.0625
  0.3125  0.09765625
  0.375  0.140625
  0.4375  0.19140625
  0.5  0.25
  0.5625  0.31640625
  0.625  0.390625
  0.6875  0.47265625
  0.75  0.5625
  0.8125  0.66015625
  0.875  0.765625
  0.9375  0.87890625
  1.  1.
  1.0625  1.12890625
  1.125  1.265625
  1.1875  1.41015625
  1.25  1.5625
  1.3125  1.72265625
  1.375  1.890625
  1.4375  2.06640625
  1.5  2.25
  1.5625  2.44140625
  1.625  2.640625
  1.6875  2.84765625
  1.75  3.0625
  1.8125  3.28515625
  1.875  3.515625
  1.9375  3.75390625
  2.  4.
  2.0625  4.25390625
  2.125  4.515625
  2.1875  4.78515625
  2.25  5.0625
  2.3125  5.34765625
  2.375  5.640625
  2.4375  5.94140625
  2.5  6.25
  2.5625  6.56640625
  2.625  6.890625
  2.6875  7.22265625
  2.75  7.5625
  2.8125  7.91015625
  2.875  8.265625
  2.9375  8.62890625
  3.  9.
  3.0625  9.37890625
  3.125  9.765625
  3.1875  10.16015625
  3.25  10.5625
  3.3125  10.97265625
  3.375  11.390625
  3.4375  11.81640625
  3.5  12.25
  3.5625  12.69140625
  3.625  13.140625
  3.6875  13.59765625
  3.75  14.0625
  3.8125  14.53515625
  3.875  15.015625
  3.9375  15.50390625
  4.  16.
  4.0625  16.50390625
  4.125  17.015625
  4.1875  17.53515625
  4.25  18.0625
  4.3125  18.59765625
  4.375  19.140625
  4.4375  19.69140625
  4.5  20.25
  4.5625  20.81640625
  4.625  21.390625
  4.6875  21.97265625
  4.75  22.5625
  4.8125  23.16015625
  4.875  23.765625
  4.9375  24.37890625
  5.  25.
  5.0625  25.62890625
  5.125  26.265625
  5.1875  26.91015625
  5.25  27.5625
  5.3125  28.22265625
  5.375  28.890625
  5.4375  29.56640625
  5.5  30.25
  5.5625  30.94140625
  5.625  31.640625
  5.6875  32.34765625
  5.75  33.0625
  5.8125  33.78515625
  5.875  34.515625
  5.9375  35.25390625
  6.  36.
  6.0625  36.75390625
  6.125  37.515625
  6.1875  38.28515625
  6.25  39.0625
  6.3125  39.84765625
  6.375  40.640625
  6.4375  41.44140625
  6.5  42.25
  6.5625  43.06640625
  6.625  43.890625
  6.6875  44.72265625
  6.75  45.5625
  6.8125  46.41015625
  6.875  47.265625
  6.9375  48.12890625
  7.  49.
  7.0625  49.87890625
  7.125  50.765625
  7.1875  51.66015625
  7.25  52.5625
  7.3125  53.47265625
  7.375  54.390625
  7.4375  55.31640625
  7.5  56.25
  7.5625  57.19140625
  7.625  58.140625
  7.6875  59.09765625
  7.75  60.0625
  7.8125  61.03515625
  7.875  62.015625
  7.9375  63.00390625
  8.  64.
  8.0625  65.00390625
  8.125  66.015625
  8.1875  67.03515625
  8.25  68.0625
  8.3125  69.09765625
  8.375  70.140625
  8.4375  71.19140625
  8.5  72.25
  8.5625  73.31640625
  8.625  74.390625
  8.6875  75.47265625
  8.75  76.5625
  8.8125  77.66015625
  8.875  78.765625
  8.9375  79.87890625
  9.  81.
  9.0625  82.12890625
  9.125  83.265625
  9.1875  84.41015625
  9.25  85.5625
  9.3125  86.72265625
  9.375  87.890625
  9.4375  89.06640625
  9.5  90.25
  9.5625  91.44140625
  9.625  92.640625
  9.6875  93.84765625
  9.75  95.0625
  9.8125  96.28515625
  9.875  97.515625
  9.9375  98.75390625
  10.  100.
